1.3985767801288547
0.0029625540858103936
1.6130698324528658
0.09438974674207314
3.393753142686692E-4
1.9847541701037028
2.7072933355094024
0.003478777129388587
0.0038541828388311337
0.10670888923657906
2.9774611468983885
0.5525752903736808
2.7813926957193345
0.009106274205712177
2.781733688965308
0.04172378546036094
0.012715205174095185
2.784746062533386
0.484937259079383
0.007535398804922032
0.008177890949052967
1.161048179254418
0.49862194772722734
0.011558750767738804
2.666491955337346
0.0018622512944331908
2.0997868874668324
0.02401763198533416
5.098992649162931E-4
0.2783843191241818
0.0
1.8764295159493438
0.6956530498585823
0.006470914281665254
2.3000664751985105
0.010254143932247016
0.001925511868884483
2.281820287083371
2.1526932166512105
0.0035546012258776934
0.006703951416441083
2.6032950423808656
2.0663572646220283
0.0029692311958394385
2.2450644325549756
0.004645950858844402
0.007671365161989808
2.190907660301754
0.011525339708772626
2.2893549123474712
2.144631205048328
0.005358248393821195
0.08831671033589408
1.5849157675641008
0.020594485765814637
0.96266185986034
0.004690986852044022
2.2381240328214287
1.46994469185488
0.00250161846064005
0.005664167120599263
1.0658004742190381
3.466917553906178E-4
2.4086049270195393
0.0018217194354879839
2.3356253731047993
0.3876788333293384
0.0019521949975123023
1.8026561570096178
0.015078952672056655
0.004961329715536422
0.6763583141239151
2.61403570638627
0.0029678618247168994
0.059044103454066965
0.06681804283615868
0.02955800043611285
2.91792629849743
0.1775610315982816
2.042049772207175
0.9243512359687075
0.0029808645992405896
2.1875698875133764
0.0
0.0056980331652184985
2.362451236750996
0.0044368559174315005
2.7073824167031137
9.537085689438205E-4
0.6627726411746357
4.511166190975897E-4
2.1028231823064956
2.8868063871014193
4.473599160215697E-4
0.16594463334625598
0.005823148100408213
0.16141750884415607
0.26768358763263955
0.7913860977996302
0.012802487352411527
2.008798830656859
0.024069981719034968
7.564388942486728E-4
2.415116895945342
2.429182651255769
0.002914554423149917
0.4018799387056813
0.002753969508393364
0.13624149464480684
2.273832686300881E-4
0.011323989891147109
0.8563870677454347
0.0068919574370977
0.4635505739204747
0.12730669944164974
0.0035177592878933876
0.0018497320194474165
0.22687689747499828
2.781507373906244
0.0031364094051738066
0.2666676426337785
0.0022294155724654737
0.007652033959669679
2.7326496351388636
1.2565709365603994
0.37918862476833587
0.003733277898828194
1.1327706454230615
0.005123891359157367
0.34804809042483265
0.1899541620876659
6.064769837577947E-4
0.5412259058375215
0.00888860361310116
0.002658129781419984
1.5938258135552434
2.1232099764754007
0.0
6.807013579242691E-4
0.2341310779318978
4.8668925029500635E-4
1.878748472965052
0.06715586000307405
0.31336075084343057
3.883268697329206E-4
1.4551657314249944
0.06864263871067441
0.012186401615698728
0.002342599222636555
2.4019048191294186
0.007105007762275327
2.8272208133526497
0.006932581837666553
1.0190504384460057
2.6378510301512437
0.002927802490785761
1.1542968100136801
0.0017559734973804568
2.0294637952990673
0.004151332157617045
1.8375958381856217
0.002645327097534029
0.12337923234406979
1.7760094594118954
0.010069034730259588
2.8016413189736777
0.0018866068193507776
0.9132295851170585
0.006821203370298618
1.1986926299932024
0.001975523871711315
1.606063547755435
0.008026527937003805
1.3304905778728826
2.097507081778664
0.001136058142347534
0.3136624606291209
0.02536152514665524
0.19695000265526807
1.3617073586917097
2.1660204309657605
0.003213825525931677
2.7070446267276553
0.19238764688924656
0.10509385707187481
1.6461497803234209
2.329595004982264
0.003304936086260502
0.6544902177945561
1.4252792978551607
0.001889594544615773
2.237952790083065
0.07001241551827259
2.4445938659969833
3.9657806484632674E-4
1.6989107307560172
0.5168074742829413
0.0048668779536558794
0.011049240208767299
1.4724607495534547
